3
0.95 5 5
30 60
dirt-straight-hilly:3,5,7
dirt-straight-flat:1,25-28
dirt-slalom-hilly:2,21,29,30
dirt-slalom-flat:10-12,22
asphalt-straight-hilly:4,15,18,24
asphalt-straight-flat:6,8,9,23
asphalt-slalom-hilly:13,19,20
asphalt-slalom-flat:14,16,17
5
mazda:0.1737 0.0249 0.0811 0.1843 0.0111 0.0866 0.0704 0.0716 0.0125 0.1796 0.0702 0.034
toyota:0.0469 0.165 0.1121 0.1504 0.1642 0.0487 0.0043 0.0152 0.0911 0.0418 0.1101 0.0502 
hyundai:0.0489 0.0762 0.0499 0.0003 0.0846 0.1215 0.1113 0.0361 0.1615 0.1181 0.05 0.1416
BMW:0.099 0.1235 0.1261 0.128 0.066 0.08 0.0716 0.0114 0.1004 0.0425 0.1183 0.0333 
telsa:0.1055 0.0947 0.0789 0.0691 0.1066 0.0857 0.0534 0.0554 0.0669 0.1023 0.0817 0.0998 
5
stig:0.0261 0.0203 0.0123 0.1519 0.1085 0.193 0.1196 0.1184 0.0043 0.0588 0.0452 0.1416 
schumacher:0.0013 0.1941 0.0875 0.017 0.0729 0.105 0.1645 0.1148 0.0945 0.0286 0.0707 0.0491
musk:0.0128 0.0111 0.0493 0.1756 0.1231 0.1106 0.1558 0.0075 0.0674 0.0486 0.1359 0.1023
furze:0.0767 0.0256 0.0566 0.1292 0.1267 0.1187 0.0521 0.0997 0.1148 0.074 0.003 0.1227
alonzo:0.092 0.1091 0.1195 0.1273 0.0026 0.111 0.0328 0.0396 0.1162 0.1321 0.011 0.1069 
dunlop:0.0983 0.0101 0.1437 0.117 0.1259 0.0714 0.0128 0.1114 0.0061 0.1491 0.0908 0.0634 
clarkrubber:0.1313 0.0711 0.1253 0.0908 0.0289 0.0627 0.0524 0.0785 0.0511 0.106 0.1457 0.0561 
tyres'R'us:0.0007 0.009 0.0103 0.1636 0.1441 0.1444 0.1787 0.0437 0.0127 0.0762 0.0561 0.1606 
bridgestone:0.1654 0.0193 0.0046 0.12 0.045 0.1518 0.1115 0.171 0.0732 0.0568 0.01 0.0714 
5 5 8 3 6 1 3 5 3 9 7 9 7 1 4 7 5 3 3 1 9 5 2 1 1 7 1 4 1 2 1 1 7 1 9 2 7 1 4 1 
0.2939 0.2553 0.2636 0.072 0.2508 0.2248 0.1733 0.1359 0.2733 0.2024 0.0714 0.2946 0.0054 0.202 0.085 0.1182 0.1654 0.0259 0.2536 0.2943 0.0406 0.0547 0.0513 0.1689 0.1464 0.2467 0.2171 0.1311 0.1123 0.2416 0.2144 0.1979 0.2625 0.0218 0.164 0.1177 0.1756 0.2202 0.2732 0.1017 